self.power_accel={200:0.000056828, 58.8235: 0.0001136 ,1: 0.000239534 }
self.power_wifi={60000: 44.214, 50000:46.71 , 40000: 57.304, 30000: 59.414, 20000:75.228, 10000:97.114, 5000:166.142, 1000:298.658}
self.power_gps={60000: 95.918, 50000:101.55 , 40000: 112.69, 30000: 138.376, 20000:179.738, 10000:302.95, 5000:388.056, 1000:471.058}
self.power_gsm={60000: 20.364, 50000:26.116 , 40000: 26.74, 30000: 31.282, 20000:41.636, 10000:47.006, 5000:58.382, 1000:83.702}
self.power_nwk_loc={330: 0, 1000:0 , 10: 0, 100: 0}
